6882995145646673166
6882982172739783939
6882945901367676168
6882958721719323916
6883093359997635854
6849172354753465604
6848835923430345997
6848850561106808078
6852959254513536270
6848844197701618952
6848874136572349709
6848769788425063694
6848898037788560647
6848856703497194759
6848922685674704128
6848868667233471744
6895645115327548683
6863352314317638924
7015126847277124878
6852471007010180352
6872225881922800903
6921652894693428480
6812182561956089101
6817599587109424391
6812205450403073288
6771036373781646605
6683993408370904328
6702591963255885059
3x4b4heing4qn8a
3xy67xydmt3pxby
3x37hj7i43bnwxa
3xsvtp3d7txyd5g
3xq5c94hz2ew6mm
3xr2uqhpipvf9x4
3xp73wtgpv85ipe
3xjeb2xcq4r62ti
6890557139635473668
6813960385436142862
6799192188782742795
6799533163812048136
6799610832528477454
6799481768757054733
6799632132231728391
6799402620197932292
6799592807204949259
6799408811812736268
6799804611491302669
6799214625020710144
6799285650232282368
6921590353304833293
6799567742367255823
6799445735189368072
6799215193923603712
6799232523990748427
6799630077681356032
6799522394093538560
6799842434990755079
6799433567362370829
6799871964044397832
6800199936664292608
6853657007828847886
6700861687563570439
6888259844172778760
6948604237312052517
6868252662182186243
6828312624011185423
6801975907172044032
6874220865987415304
6894123336046005507
7013655059615583492
6894418284972641549
6937064570032819487
6923761208126377216
6923944604484013319
6923248650873326848
6923392226127121672
6944563014737644813
6734183552138644750
6609176747055254797
7015131742344350984
6846279291731315981
6846278828227136781
6846393271279783183
6846363199571283207
6846270187113630990
6846350151716588800
6846323530779430152
6846256034172964111
6846302822405803268
6846299323572030728
6846303393753992448
6813127019132423431
6932598050611334403
6925030631521013004
6800979777382649095
6811243864851025156
6789893745149086990
6792797475833990400
6791347567276854543
6792897401788091660
6795781027680898304
6789837915535969544
6791108774804376845
6789943769178311948
6657757273663737100
6657315189093862668
6888541926488804621
6732085366825700612
6854704649019198727
6796086977654557960
6955693172307594534
6615899462533385479
6616450884832333069
6615513758447979780
6615158947240217869
6617561143990816007
6618027963864583427
6831726615974726912
6875506196208504078
6970158017438387464
6969091056004599055
6969087488023448871
6969110448809544994
6969134658978106632
6970194168421403912
6969122838540225792
6969113905746496806
6970695764582370571
6969132100066839840
6969445193225473294
6969101155754364160
6969073275540491535
6810398774649736448
6866426039648718088
6712816336973647116
6771036010101918987
6821462506544991496
6789239936978652429
6787931864230399247
6824457136597110027
6925406534285495565
6820640530037361935
6822741118699048199
6792710074407062784
6821498975498095875
6925552908167630083
6955760886380367141
6775508012497964303
6905905064129416459
6864306556071087367
6773826654889364743
6789230703390264579
6789116698042699021
6789475875122318604
6789212420637232392
6882734940627258638
6882597499773734156
6882284651981950212
6882019900957707535
6882376493612289295
6882285474606566667
6969968631992028453
6881996672826641679
6882179308740234510
6882688817216687360
6883695293607496964
6882324874296167688
6883309663887052045
6882371254087601416
6882335565744721160
6882551291101465856
6883427969172393231
6887537198124567808
6882261368679025932
6884233572681567488
6882519280492055823
6882207314565287175
6643668413828828424
6870028793084480780
6646444149622967566
6873110086781275403
6649939133181496583
6835161375895997710
6914595715704458511
6817309213111504139
6898573443512552717
6826634159990017291
6923485823371447559
6861904335417232653
6797946717984525576
6798440875786587406
6798008311460433159
6797997723753663752
6797925040911305987
6797977154782006542
6797955890583555328
6797924760434003200
6797937482760490240
6807197079044246784
6815608457887010063
6814719292131511564
6692770651482164488
6691220078169427214
6733128487613238531
6789179815841844494
6789126750887529742
6789137562125585679
6789269241737563405
6789446985515601166
6789515540890275072
6789396303777467660
6789411863441558799
6851867018145090819
6852105097892121871
6852322189618842888
6922285670010473740
6593855966033218824
6729863166571908359
6791331018306587918
6791442371943910670
6893477906882874639
6892156062619749645
6752811707518749966
6892957721037901056
6893383722993782020
6752267747142405388
6893077965429591311
6891553112411196685
6792571347609505024
6829451492391537927
6873624092294073608
6873624365544574216
6873624849114287368
6895999377542745351
6922317442479869199
6798066523282885896
6797393343480417544
6793884900228336911
6798778448115551495
6835822316132240651
6809108235757325582
6809082780979399944
6809086139736034572
6809088973919538435
6809993376138677511
6811731857701358848
6862262999323774215
6849733324701846792
6850243506976328975
6850318649975229696
6796985569776864520
6763119711237475592
6796939583679401230
6737281726466329868
6737250162667834627
6805338726206573824
6804776274364534020
6804747267786935560
6805114691329756427
6804990192773025037
6804689338765430031
6804780254742236419
6924115033282596111
6976190785423199518
6832839786999336192
6810857820892728583
6806184441392680195
6847423671095610635
6806994272903122184
6806900594234854664
6808073686147419399
6806636081799286016
6815863114907569421
6806940383621270796
6807251562881174797
6806845737222098189
6798119823319633165
6795136003800567043
6795390464452218127
6794816030641327363
6795726406232886540
6795764790707932431
6794988930535132431
6795769343574674695
6802916932044508430
6732286238021160199
6729400686074760460
6924597177310350592
6903350416000503047
6903417736039271688
6903391663654259975
6903482569623375117
6756049768167771405
6912698771163991307
6804697484024139023
6804741575374015752
6723878732349721868
6804199355738869004
6791103843804384523
6790512189703867651
6958984117077773601
6971045158452235535
6861156588284120332
6976521836163058982
6958568570905201920
6958423364281175331
6590972352731811075
6884896887976021256
6884893912100556045
6872882461475376392
6850037694488235279
6844743558939806991
6947553212157152542
6897483952299314443
6646725072495054094
6648940727432645901
6681488793100455175
6610821466466290958
6617393568547867908
6614033953328205069
6609129207760948487
6683813797590863117
6609092980735216909
6916026292047514887
6915977232523545860
6814350072894065935
6813734067331173647
6814223358167649547
6814398145854803212
6814020004724428032
6814290877805006094
6804705458432003328
6666314921619295496
6716849310362848523
6853306188751277324
6815514117089119488
6818254662957812996
6818172291185216771
6818183900867693831
6906797838299090184
6923791489453575439
6906526529145081103
6804759703986425103
6805429938464804110
6857772616908934404
6745966833112730892
6845079496467516672
6813917386270395652
6814358502589369615
6650297598831824132
6650290016838864142
6650290449728720132
6867859275339861248
6886683690433383692
6724229983763549454
6862992444389199107
6826906406629788942
6825652924190903556
6976556097561824525
7027846689465568520
6900018298834930957
6935428450366803230
6900073008388459784
6864820920872127758
6865234646532132096
6865642115393670412
6735787083878780173
6736398192516107528
6735974091859250444
6735936408239787267
6735866308967107851
6866678444009327884
6867068647152700679
6867119524294954248
6866979815686294798
6961335020694867240
6962470014104423712
6810729408022744335
6965924270757170445
6797317471222222088
6896373201203514632
6896293361062251780
6896079262370057479
6790698483734039823
6789596785385000205
6791071587224292615
6790610269031664904
6791042788709469448
6790987860217482504
6790994130337090823
6790377354146467087
6881232398978223373
6966865626539379979
6803220050435214605
6803631659339009287
6802876759202123023
6803630413559385358
6803550951979388160
6803209256284736783
6803906422519237891
6803680340402539789
6877328562022583559
6950171571306695976
6737972209689611523
6737562768133721348
6798661547246832907
6888268465443065103
6810766098741480717
6811717413210541323
6810751381972995336
6817453297524313357
6810861641392000259
6810892177149922567
6820072082794171652
6810434722972355854
6775038723521383693
6775337505085525259
6775010520979311886
6775101574776638732
6775437618655005965
6774946888216087808
6775001928356121870
6775043765359938824
6775057226185968907
6846696067157855501
6626546582256880904
6668609331593891080
6761524739673558285
6668169334721891588
6667832599202860296
6668604896394120462
6971261971538742542
6821722703318289668
6805200989348449550
6806627068806286592
6805484074208087309
6805178488119659784
6669263871984913678
6871418953919515911
6902403863274425612
6792078822356389131
6605897306417925389
6964305242070469922
6658113316042345736
6631872122111134989
6631908657430793476
6977225430944255244
6805163827123064071
6805456913506012430
6921872907924802829
6968703581247524109
6914868017910320384
6915282201991007488
6814268707116829955
6815487937636060428
6809422948814818574
6913856829122465039
6903409421183995149
6903438963965529347
6833180805523655936
6828472686629473551
6930202412284153102
6830322258532257024
6828108856078372099
6829344934055791885
6828084054592703757
6666751540021251331
6708125601703660804
6767485224801684747
6659670456464903436
6652318431716691203
6841343937014156548
6841721529869323520
6841757602284604687
6842866874104024320
6841513596141276423
6841802131771526404
6843223547012320524
6841157087737810183
6842198568623803655
6885306773683653899
6971562441322827021
6717151423227858179
6884560770525400332
6884930389090110734
6975145016507387177
6722372266396536067
6648367305724005645
6802604813633785096
6802851077705288963
6849325235796184333
6849139091796282624
6876307200378146059
6875943585640975629
6710765185000361223
6691237749439122702
6735274778426395916
6707521283178958083
6708130500130770188
6848416927472176391
6691461631374888195
6690045890444446988
6891294237036416263
6889960078342982912
6889688683054632192
6737534985860893965
6924929045708705037
6925218688496962830
6924276158305438983
6789764070896585997
6858462238185966860
6869932962536819983
6866352267004611844
6774924661470891264
6855232520561151244
7027873765598055684
6883109921852804366
6858543833941101836
6967304512025529639
6820179715064745229
6823900927192272141
6825143527085772045
6836034235967524110
6817675724665703692
6817979355336117511
6968800423142624520
6969146657258736934
6793448019225267463
6969037949920906509
6812556773916937480
6890096787571445003
6880825119963434247
6880907739334315275
6881087516192050440
6880856650178104589
6960701115130285346
6961635135196351781
6961171972868902148
6883878275328838920
6882572192501026048
6924308985721982221
6938366074006064414
6730005569073106180
6883851924790136064
6940404918889106722
6877826756015852807
6939804053744536839
6602089727090756872
6602092948031016196
6854428993400098062
6854411205600136455
6854466699173842176
6854532920569236744
6799829298762059021
6799592761499700494
6863203977656405256
6861885697775701248
6853626230684650755
6883002263124626695
6713066052504292616
6723140781441322248
6717960933538270477
6875802829269880077
6860043902666198275
6763209184528928004
6860488338697276687
6860665652357631247
6960467999165926696
6942027436464852254
6953206357570915599
6819144347590593795
6872644808154844424
6812356200517127428
6810892086141783309
6811601588193365255
6810183442228088064
6963233504134024487
6585097411885010189
6571231799966436621
6584654455793257735
6589802305174899972
6585751304314817795
6589804927680253192
6585423557172399363
6585701737036778755
6589801702977703172
6589801198071581960
6879925463733652751
7020638514916117793
6872907441135275278
6872900172397989133
6911949842147233032
6872926439709134083
6601418130373741827
6601552344368811268
6601693670523538701
6601509368028466445
6601480547455733006
6601627338029403395
6601505419212885256
6752823620881501452
6752403969139641612
6752500200847265027
6752503898239503629
6752463521885326600
6752769472836259084
6752744386607516942
6752421543512476931
6755378886512495886
6798719685182475535
6841641009479273742
6841738028021599488
6841698145173277965
6943077802723822881
6594392272438037764
6594260302991199492
6763220699252411655
6965948653118704926
6709366729115503875
6741271306672622852
6741307029693926659
6961671164758445324
6961542946059488542
6588057622690139396
6810364597237845256
6824314763397369101
6665860072050150659
6584309915597147395
6746074256381054215
6601651424973557006
6601363612395113732
6601567618816019725
6601367719201737987
6601471942249680132
6780217047482682635
6763127593215577355
6974608529348889887
6763184473241619719
6782769312651431181
6902249775282834695
6780264564631047438
6763131349818707203
6862146422674836744
6861868178411212046
6862632021471005959
6861177952336448772
6868242677725400320
6857248877834194183
6855968771857861895
6866755739868843276
6857064672776949003
6836009676849679631
6901555943423692036
6901991916812979456
6901544459809459463
6862711949310856456
6954728923670318373
6966937438413491488
6966916807554813222
6967168386627407138
6966751274033351974
6967251039728749855
6966595257593007374
6967522520727653673
6967292987084672267
6867810873981897992
6841849812283821327
6924492691766037760
6956472320345066785
6958748319191452964
6958612363197041931
6929818142382247179
6910034292022217996
6882327798631943435
6881900497465380104
6917951732773375239
6935411196338228495
6883481842016603395
6884414855001001231
6972815906502151463
6848425894361517327
6848861749949582592
6848464753204006155
6848579855626292494
6848501754376539392
6848770518095531277
6933984545607863556
6975634643404033293
6843695846136106255
6843212356214967567
6845025280160009480
6843428070272060686
6843028258036976909
6843604905266072832
6637728366650723592
6612183406635650308
6722438557987851523
6792102270520544516
6974326372076473639
6750090376167656712
6750084855222013188
6927088372099927303
6927098259127274759
6927186101178502408
6888561950561684747
6926098495787126016
6851383928897539336
6855409013547470095
6852625488393866511
6851466996798868744
6852295865047026952
6946100869813357865
6752814648501783812
6796269202954095876
6796250238131784975
6796278439218253056
6796892888799186187
6795843422155558144
6796235429608688900
6950140420286385412
6613654207608130823
6952424015675886855
6596996733048196360
6843964897949142286
6871605448215186701
6889334569816853763
6736737150169042183
6682302034592533768
6962281009354149159
6822849359667924227
6822822191986396431
6822799485123579143
6824249309484076303
6800313787682393357
6799487592053181707
6799062729790459151
6799212507085982990
6798877401142070532
6910238257267641613
6892230838822440195
6899240792330718477
6899267608013507840
6643213295887060238
6643257618611571982
6642214705265904899
6642473378819083527
6855475582453484811
6858882581929168131
6855504368691678472
6811750377726283012
6963661561554586895
7048432073551383846
6884213334812527872
6847352943386053892
6639480431265713421
6734952578938883331
6839432188866383118
6701101433736973575
6930058090414951684
6851208905821883663
6851539649047923968
6851131414222490894
6851132909647072527
6854883426433060096
6857344782113508608
6851149328103394563
6864923280172666125
6865153689397497101
6865119605233405198
6893269628953382144
6686481160224230669
6749276397937757453
6723730118780488971
6723476827882425608
6723837649523608836
6891570229969816845
6890730826267413773
7020637614898187524
6999917049434737924
6968710894654197029
6894435692538088707
6848788248337173760
6848853805828803852
7018071222957182245
6849611318106934536
6849273789818113295
6848846476597071115
6656020525690703118
6601309012942130446
6656609197859278083
6656727039187438861
6960636617618967840
6656349042290724103
6659729914352176395
6583481991964921092
6582489910870019335
6582761311287905543
6866197280584699136
6789970177502055683
6672177708996349196
6669681666606337291
6670698133162315021
6670693135917632771
6670418901978959118
6670080902330141956
6706017108238683403
6706025183452351755
6706303784215121164
6786554322516757773
6706733840070659336
6706666689691520259
6706877877868121352
6706307318742584583
6709747277369445646
6707520442938166539
6684799575590587651
6873498386075503887
6843335747563474187
6772392788966378760
6837080981480951040
6841458671445183744
6841898406458182927
6748975268213427460
6749010896951020808
6810563817186036992
6853696307836488973
6733340523794402574
6634052840174128397
6801033814048099599
6799920478912777487
6800390134777842952
6866665922355088643
6857375682675166478
6858255021612469519
6838792735034526991
6905496338289511688
6676824324873243912
6690414518859812109
6769364663302917389
6645815668123897102
6723297674604350732
6853279754209086724
6852869196473306382
6854760502371880204
6755736301779127559
7018090584246160647
6895138486022688007
6949094701811174692
6844484276851952911
6741239300479929613
6742065740737760526
6898989866432908555
6940500821041745185
6963475755355393315
6832185731620867335
6831180377688788239
6831126629700488451
6845253491976457484
6831381330450861323
6830756581827808523
6765832813238357251
6922820326267178252
6856934489415814407
6901945767066455304
6725959074594229516
6970141632582782208
6672333608885193997
6672594809124883726
6716132354248674563
6693371163273399566
6968732100300180744
6969713655126510879
6966460383699782953
6828710235448872192
6965421764612558091
6791424540338605312
6693709051819330820
6966482095812218144
6749387130092424459
6749752784016379149
6966971745383320847
6949076459247963423
6786394260695502080
6866321876864552203
6897530029597527309
6871882437987716355
6859694525888122112
6796616456328072463
6796850990931922190
6796863411708792071
6791783098536217856
6910071453115337997
6533114736177843470
6613318089943551240
6672607427034107144
6672596808490831108
6794990416669330688
6999580002933116198
6795018932831980800
6790828160695946507
6790922195494341896
6790904987712113934
6805794994201332992
6805843004675443972
6805886136331062536
6805754741612629263
6805750422867922190
6812129190201036043
6857772551565839620
6588370236414627085
6571001202379590925
6872205855849221389
6867424768560303373
6867364396381768967
6869287253827521796
6900020602325716237
6730921689619746059
6660784036757196039
6660794545132817668
6818106186253077760
6808699529592868104
6690094171123911948
7015112781401787656
6881463059546672388
6881935035121847567
6881220567740058883
6841313813887831296
6907264931377286414
6858261421122243848
6908203826021534991
6838465131337256207
6908100104171883791
6860315708467711247
6942624537611717896
6870133525300006147
6890842868357958927
6837109740330405133
6929447653319216398
6852598901032160520
6844439307940351243
6890075704415767819
6860077218111016192
6842834986417016075
6825848797239774475
6900901879304211723
6850444269824527624
6838179907978153230
6862580471000288512
6851757877980368141
6838103289851104526
6841176893027339534
6862620542722149639
6926078836232736015
6977896947092819208
6845050996394069248
6959070097126346025
6847109400235166988
6861920937609153807
6862626165442514179
6972703718487756032
6855465207934831879
6854770358029995279
6839197629331541262
6838096889913707791
6808542878009167107
6808539046395038990
6808728377600511232
6808536938602040590
6808538691502476556
7015180893803351308
6702695933576039688
6856761078001552648
6941874367362026782
6968635495198788864
6968612703178853646
6968708193165888783
6968679974110891300
6863350843568065796
6964695121380035871
6719472095836884235
6898648376951311629
6962419458421886248
6773597400549444877
6991494535851330846
6843792717835701511
6823363913669725448
6683804664594517251
6683802242291698958
6684239798695103755
6959943793139256583
6991496387909209357
6781203276546329863
6965941390442351902
6896844454724930831
6601765814712405251
6601707759312309512
6637504149732723981
6601686537832762637
6601845922928266500
6601803968425233671
6601690518281784579
6601810803031035144
6870291697490840840
6958774352036891917
6746097657741118723
6603693731239431431
6702031746860453127
6814451941804952845
6952058686420356366
6791087880077954318
6779859634711809283
6827804688365227264
6857411280916057357
6955367636876152077
6877782422897822990
6681912078522928396
6877516937170144520
6833590376872316168
6848230767944813831
6694947747214265608
6875710565008821504
6720202003189894407
6868092030178839815
6922861288834075908
6925389180478442756
6877333959764757768
6838454773600111880
6839913812527779084
6841818957217795335
6658850835998444804
7008825846341340449
6807575619598142727
6807984321668861184
6807588716341742861
6807550037825015044
6807641056977390848
6807582684005682446
6807641854180461839
6807605833568947471
6807624102896028943
6962697672247627019
6962815025379544350
6962474748638940451
6893044994064600332
6893079981358861581
6787190557866200323
6789737243754974468
6747713690004425998
6786598297932025092
6788717427145428236
6739877973362511115
6909484183282781444
6829659638355479811
6862631381806222595
6827215508593495311
6964273350474550565
6740095929317133582
6632978467921071374
6875518042453953804
6955779828280806664
6671112046978796803
6671495133961276680
6670805620435750147
6670707542898789646
6911886311465045259
6911885762459962639
6911946224694250766
6912653109466647821
6911959319927852295
6911639638021098759
6912372801232047372
6896777878248131855
6807981206370536717
6807962256270200067
6808015877334650127
6808014560423906567
6965921131731651851
6966539647115709708
6855981062661754112
6794048844045765892
6752778390366997764
6755327541562690829
6754986372974611725
6781430354055154944
6867166970853297422
6874376605016280328
6730434516105661700
6805136344969415951
6885972986743033095
6943606158175292679
6945348680832552233
6847061751171714319
6821040396726963460
6850073170922196239
6935430732693146888
6928395135147314439
6922751573672119566
6922777435528285448
6925587022056836366
6922710442745941262
6923111319516269837
6923076210650139912
6930430779285654784
6816602226124033288
6829573964378000652
6829612419829075212
6841814713282661645
6803607344740617479
6968797115782941990
6960894401027575040
6970861964713004291
6967733989947837730
6786601102973439247
6786995810811825408
6787712891559611652
6809107490568015115
6811820983104638212
6897953983655136527
6877678568873168135
3xbzd2raj97hbni
3xfujiz7e7k5ute
3x627meastrtcsg
3xzgq2kcu4xe9ce
3xffthu6xe3z7bq
3xy8gtn8hs9pa2w
3xgestwir9fq7hm
3xjr9cdec5xgw49
3xc46me4rch5p29
3xur32aznsk2sps
3xs2btwmsznp3za
3xsxag23qwd6x8c
3x3683vyxjb8jte
3xdepya4cw8t6t2
3xr87chfid9wvpe
3xmruujz99fcdbk
3xsepbi8enkwmxi
3xtrrhe37egsz7s
3xmxwuq867w95e6
3xv2rkyp2bzajeu
3x3p585pre2uq8c
3xsszurwtabibs4
3xak4byq8e4ke42
3xkuv2uxe6azhm2
3xd44tsqxrjfbaa
3xg73rss3sdqqku
3xbfakcavgfknsi
3xbhduy2wyvnjdk
3xf6gzk8mebxyjm
3xqy7qr4amkp44i
3xt6ngf7ijprstq
3x25ybraqeighzm
3xs9rjfy95uj4ea
3xinbffb49q4fmu
3xmfdvafpnuxhe6
3x5sidac4zdeb99
3xdbu5uxz57diks
3xtnkcm8527zeh4
3xryb33gbmepdes
3xstdsmuasvpwy9
3x9tqsx6ue69guy
3xnyv8ctmhp8zyy
3xdctnctbnzxt6y
3x4tpy4899xiyie
3x2zch5gn4zh9tm
3xdr3mm36zqbm74
3xxewae5afnmura
3x2mm7xmj8wpq5m
3xtavn2cwiez7fu
3xb6yajw26xiumw
3xq2wxtxsj9jut6
3xpjyqpskjxsukq
3xhmq99savp4sxy
3xezr4htuqxmh9c
3xpxazku5zy6hki
3xtj2c37w9gbkyg
3xdf9duhj7279wy
3x3j8ngqac98k5i
3xg2zthjskz768a
3xetaq3xubvsd46
3xvg6dikbufifg2
3xfves7h27ekhb2
3x47b3x2jxzeu9s
3xwr99t37ja3jku
3x2rcnynrkcq2t2
3xsnyqsk2imatxs
3x8qz5767vxkabm
3xr3kfv5dcbqine
3xt6xxcdu46renc
3xyqy7bw625iqmi
3xivk7kre5fg3qq
3xkxw4ypb3z9dua
3xga25kuspsv7tg
3x7fmnb83cu6p8a
3x5e3gp2d87wyqa
3x5ukaaarhwb6mk
3xqvbqu2mwutzqm
3xann9z9p6a9cnk
3xd4q8scnjx7m8s
3xvmqpw3a3acghw
3x2ijm5pkxhhv2i
3xgd7kfphm4dkea
3xwk5szsrzp384q
3xkrcqew9ehghjq
3xynvbi7mwja7zu
3x62d3gz53276vs
3x845w5ghsgk3hy
3xjf9fdcc9f468u
3xgrbg3v4xkw9m9
3xkpprkxwqkt6ys
3xbaix7rtmyz4ak
3xrtjhvvxn9juua
3xs5yyui9eixsis
3xditxafxkx2p52
3xhbvhpsbih94ia
3xtcrmctskmcn9e
3xy4vn77pthun2s
3x67f6wjets7kmy
3x7zfafv64yz3hs
3x4vjn57kdewfhw
3x45r2zhabatrie
3xbp36nyju5yc56
3x9bqung2nu7kc4
3x5yiw5hwys89cm
3x7xvgsxawknjwi
3xr43wnyik4ei9e
3xhx79jtrqtidx2
3xujti347fvjy3s
3xhg6rkhqhrzd2c
3x3q3hahn6m93cw
3xqrdtygummwmr2
3x432tjvxinwezy
3xfwr2gzemrgaxc
3x9hjpwvpvwhnvq
3xgxxwg4bs8hhiq
3xucctxw92h6iy4
3xqi5sx7y8gmj9c
3xaghn65czmtaya
3xvxpdrnhbrfsm6
3x52i9jh8en2xa4
3xym6d6rhbwfvwi
3xtgpgvdjhncxw6
3xrt44jbg25c98e
3x252r556a2924a
3x2cmdj3f78srsm
3x2e58x2qjtxkj6
3x2gz8xbnubcjzu
3x2hqy3c9hdfr46
3x2qbcnaz6iin6a
3x2svp7wtrysakk
3x2td3pk9g35gq2
3x2upyknqurag54
3x2vrs88h8z6szq
3x2x7x8gg67q3be
3x32xpnzvy8zprk
3x34txsgh77wg3a
3x36yd4pq593xgq
3x3844w57698meu
3x3b5qt4kh322tu
3x3bemanmjsg9j9
3x3ckmbkc4fr3b2
3x3d9amy5hstrcw
3x3e2d9kw3d38fc
3x3n7i5r7mx3zqc
3x3nakwg44m3c8q
3x3vr3xw2phwdxg
3x3ybfqfsw8k3kw
3x43idxk5w5vrxw
3x48ret89vhanji
3x497g6axqey4i2
3x4fprj2y3wkpqq
3x4h25rqxf99t7i
3x4hfzaq6dgb4k9
3x4hr9wjkn9q6uw
3x4p7wvtv2pd9bg
3x4q9qnsrpvf4je
3x4u2idyuju97dg
3x4xui9wvr769g6
3x53ac3h93vf3r9
3x5828usxrrqke4
3x58gquvkdiqvmq
3x59uvnx32kkngy
3x5aickpnrpqhds
3x5cu7ezz33wf6y
3x5ibdcizvyit4a
3x5jp5mezdgi4fq
3x5p3pvd8pdky6c
3x5qyy5ckq7swuw
3x5s3h6uyj5xfss
3x68zxc3ic2uk7c
3x6darptsdf5ic9
3x6grrjdmfjcvgs
3x6hfvinryh5j7m
3x6npxgu9kr2sgu
3x6rd6qtetk9b5m
3x6rptbr78izvt6
3x6rt3xnesb4qpe
3x6u8ywhvmp6nww
3x77de6ge8bcspu
3x7a7juzrk3g8ak
3x7abhetbrdcmes
3x7e85f2nh6r2wu
3x7e8w4ccghcery
3x7i6xjvpbrjfzk
3x7kapcdec4yft9
3x7mm4prebqqqym
3x7tg8ssm7zb8g9
3x7tstw5zadfd74
3x7vk8jk8uta35w
3x7wujde7b33mug
3x7xttv9m6zms4w
3x7y3ftb2pw3hk4
3x7yb5v5zsr9iwi
3x83aw2k6kj6ce4
3x84funch5xarre
3x857esmry8jwjm
3x8dp7zscxri5d4
3x8ex48wyuc5uhm
3x8itqvvdgrs4nw
3x8nm8963gqmez2
3x8prc8e4yqbu3i
3x8stnuh4w4z7n2
3x8te6xa787myhq
3x8tfm78zjzuk2i
3x8trva9ykrpdr2
3x8ttrx4hstaer4
3x8v8sbdv5rbjfs
3x8vm4hb5ba66bw
3x8xer3fc5y46dm
3x8xhgx3nrphwgu
3x8y3r78ih2pcea
3x8yvwgeta3enn9
3x94cf2iqnb2y69
3x9dhy9fumft48m
3x9gi9csrtcsg52
3x9jq8jyb5jby82
3x9jss8pgj56ipm
3x9mdqekeuqr634
3x9nwnj84m3cq32
3x9qj3njeezgam9
3x9zd4pmyee5r66
3x9znjfdy6mni56
3xa3247p7my2z96
3xa42zzyg32yq22
3xa4fsmda94hgr9
3xa5iafpjk898ck
3xa9xu44eur6dy6
3xac2wqftvihbu2
3xadd8whdwr4awa
3xai6e23q8ctwkm
3xajber3dnycv4i
3xajn7s22e3bccs
3xajrrry5huesxg
3xaku2fi86cp8ey
3xakxrebxzvt9ym
3xazmuvizcaakxm
3xazqphaqedebx9
3xb22nscgvnff3w
3xb6iv9nfiwviai
3xbdwzq229m2ifi
3xbf77vbekt2azq
3xbncbnmp6bht7m
3xbuujgiy798qk6
3xc3855y9s3ek7m
3xc4ddad3iqv8d4
3xc6kryz6f7669c
3xc7n2yjnjv2bru
3xc8f9m2xq24d82
3xcfp4jvic85w8g
3xcg33em65pw9fi
3xcgbi9d2d8rmmc
3xcgikuji7xnvy9
3xcieg4sgab3wse
3xcjwkhg9a9yz4m
3xckb5udfrjmrq9
3xcqacxk9636cke
3xcskteswkckwn2
3xd2phenmd6jbmc
3xd5tzsfz34vufs
3xd8gse9sunm5rq
3xd8unj8q8q95t2
3xdcfg2npatercy
3xdcjwjrxhwsqcq
3xdcxpqfwesxke4
3xdjh38f4v2bkig
3xdpafj89627ji6
3xduckhwh76ywae
3xducwys6mt3c4y
3xduvt257dpjr52
3xe3er4rmquccza
3xe6si4ifnmtt46
3xeaxug5we475m9
3xehdxv4px2its2
3xehe4cbsrr53vi
3xei8hkqz7i5kxi
3xemxdkexfwj2ui
3xf6cvqp456tjkw
3xfbehbhbfjfi89
3xfd7k6bvnhhebw
3xfdbetmka48eiq
3xfesnh86g47gq6
3xfevhdwe9iejhq
3xfj824arvdbxn6
3xfk4czmbv3psey
3xfrr3t4zkmc5xq
3xfst2mt4spsq99
3xfugyiwur4urtm
3xfw32q4dqkiyyy
3xfyscnma4nsmyc
3xfysd9zwk29ggs
3xg6j28gs333sqg
3xg6jpkp9afa9z4
3xga74hk8bzbgt4
3xgb698hr5jsyq9
3xgfgk5d4pn3j8k
3xgh9hbqa2kcu7e
3xgi3ftmi83ke2w
3xgskjc8s4dj8mi
3xgswq5c8z4d5fm
3xh3mxrd7pj6sbm
3xh9gjxy6rkg5wy
3xhbg824xcqr76s
3xhbwukg4sg52sm
3xhcekjaafetqdu
3xhep9azwbeuwye
3xhf2wrfmycgv3y
3xhfcbjf9z2m6hm
3xhp7c8a3piwgys
3xhzc4225xj2jp4
3xi25a5xuir6966
3xi6ijtrvqft7a6
3xiaejix36a5zjk
3xicq6jv6caqu3s
3xigwzke8wpfjfq
3xikv9ux8yi4cq6
3xingjgp2cywnj2
3xinxitcp8tr4qi
3xiqrgxk4y4ytpu
3xj2mevb7x7c36g
3xj7dnpbsrjnctw
3xj8cwmikj2vbr9
3xj8k42c3vq3xr2
3xjhu2nb82rwc29
3xjkkiwz4i8q5ek
3xjmbb3zj82t4uc
3xjsgikfd6fxf4m
3xjv9ezq4nx68di
3xk5vd4vjixbunm
3xkawfceecgxpgs
3xkca7qz2wrpzq2
3xke8g72prihncq
3xkgamjcnac2m49
3xkkg5828b66b6s
3xkqq4gqv2jwebm
3xkqrvwam36uwke
3xkr5cb62vrqgzg
3xksn2sa94by5ge
3xkyfsn2nqffs5u
3xm3faiugmt6vv4
3xm3ueguexkhez2
3xm6cfgdi87tije
3xm8r468bs4vh2k
3xm96t56etnsz7w
3xmef2pdm6j5iu4
3xmis9yb7m5nfas
3xmnhs7jun9jukk
3xmp52g4njfq6xi
3xmuhasc9stw379
3xmyvj4mppnu28e
3xmzjex75zxr66g
3xn46ahfmzxpkgw
3xn5r5hunm3npwq
3xne9ingv2w954k
3xngyu6br33mbf2
3xnk6im4tswztt4
3xntizpht5qq6ew
3xnttt2cet3x2zq
3xnv3vyayyczw6a
3xnwmfhb5zs943q
3xnytmuxj3q5yeu
3xp8ixgzyzsd9i2
3xp8t98jzm4jf6w
3xpagups3fpvmk9
3xpdjq32v5rzp82
3xpej2n4cvt7keu
3xpeuqgdstzbg4e
3xpfzzsb67hvhiy
3xpgttbxgecyw8c
3xphf5chuf8swak
3xpjkw34pxm5exi
3xppqx27b2354pm
3xptn4sa77yy3x6
3xpvhih995xmmk9
3xpwbyigtq8bxhq
3xpy6jveyc3ddqq
3xq22983ev7ve6k
3xq2sckicwhcfjw
3xqbbtffv6kfquq
3xqbh4dyn9cvpwm
3xqftm6axn73qxk
3xqg8tenvphfzbs
3xqnx3icyq3jvmm
3xqpk3jkqg8qa4y
3xqwycwmnu69dki
3xqxuepyavp3bu2
3xqyfgx636625ag
3xqzd9uhwawt2xi
3xr2jb4vkxvc4ba
3xr3a8wyr7m4b5w
3xr3j2kpcvniegq
3xr9mwqg8dnh9q6
3xrd7zptf8axz4y
3xreagrs6ze2t62
3xrfn5vz6ru7txa
3xrgk8f4vrrsghq
3xrhmg72wuz4wb6
3xrmfsdwarjwyfg
3xrpffa9z5d66uq
3xrrf488kbvfniw
3xrrsjf2rsksk92
3xrvfxubh5jgthg
3xrw9j53ib359fc
3xrwwetz4befca2
3xry52emffxvgeq
3xrz7pxek48nqnm
3xs59mg4ju9adx6
3xs5e3i3a7xygmm
3xs9psqgu52qt2w
3xsbaf8588raa5w
3xsejbt27c6r6i4
3xsgu5dt55qcfhc
3xshwgib3i6dk7k
3xsi8gvqrjis9uc
3xsjsfimkn7f4pu
3xsm3xg5m6b58c6
3xsqpb557r6bjjg
3xsqqbaw8hmytju
3xsr58cwtw5uyjy
3xsrpx7h4g5d9tm
3xt23az557iuvj9
3xt37ijwcw6bmda
3xt4kiqw99t33am
3xt7su5k8aaawy4
3xt9ixupdzyujqq
3xtbidmgsa553v2
3xte5yssxwrciwm
3xtewccrw3578cy
3xtfeta6c3be4p9
3xthxhuyacfred2
3xtj5q9jpwnmgqe
3xtkh89n2uagude
3xtriv8dv8gjwk2
3xtug64ruchdhnu
3xtwsf2e372g64i
3xtxwuvhuxfwda2
3xu52mp9qpgzxii
3xu97ycpgwz45vq
3xu9ax8fa8w39iw
3xu9ry786wge3iy
3xubv38juwkvaqq
3xue2zmk8tyzvc6
3xue5nc32hm4ahw
3xujjxnpnu95mkg
3xukbb7eybxbw5q
3xutd6mridvz6rq
3xuuuke5drurc6y
3xuv9bv7uucx3n6
3xuwiu26x2fzciy
3xuy84jd2yeie79
3xuznjigyifrav2
3xvaagirk8be4b9
3xvcvr2nb4i2g3c
3xvmetj7ig58y82
3xvn2qdxfupbtn2
3xvn6rbbynxbhaq
3xvqmw48imxhge4
3xvuu6r9eersygk
3xw6xz947f7uuvu
3xw9ky58nx44ifq
3xw9u4i4td5kt26
3xwbjveiw8ap69s
3xwcs3a222actke
3xwgej7egf9857u
3xwhr7aqas4k4jy
3xwktrfqyu6az4a
3xwmdn8rh7zym59
3xwpzj888xnjjaw
3xwrd6cqkgyqgt9
3xwsrgmtms5c75s
3xx3izpfnseke8i
3xxd6ngz33pknj2
3xxe2t6fsuzkm3g
3xxgdfjxqf42ui9
3xxqb6xhr5rcq96
3xxs7ag6q2r79qu
3xxsa325kecmpek
3xy2qx99i2t48rk
3xy7jd3smwfm7tw
3xycywheebhjz2a
3xyds2f4bvchnhu
3xyercd6wh8acve
3xyg8i98945uhs9
3xyjd37ta8y88gu
3xypsrhjjk8ygi9
3xyq4zsnhyksrcg
3xyqvxj6ss42t9w
3xyrp5kjzkx6i3e
3xyrsygih6yxfhe
3xyt72fwv379p46
3xythyyv2vcw6wm
3xyweefbzfswbrq
3xyy2c76kfs56gu
3xyyexacpdhqbxc
3xyyxafu83i2d74
3xz4249ie6yzshq
3xz4n9de78h5awk
3xz5ybjrd4we6x9
3xz8he5fpzius8y
3xzesivvcxr6tf2
3xzni2rn9yb2ur4
3xzuwugxup38nri
3xzzegwhwiw7de9
6589356071775636739
6605813001754774798
6632919871975853326
6639931517634088200
6639935519650221316
6639946938441534728
6647411044501163268
6650031854579698948
6655457533551004932
6658859333775838476
6659638348123999492
6661953058412465420
6661955363564309764
6661968458898607368
6662572764358118659
6662628773718019335
6664133446220369165
6670066165177486605
6671891732524829965
6678180553243626764
6680479610414664974
6680484308932726023
6680486383200652551
6680495441294920964
6680725537217957133
6685248402101521672
6685248974707887374
6686810669221825795
6687077401081416967
6687412730971868429
6687415218663935239
6687415441695984900
6687419353547279629
6687811321574051076
6692975444850986251
6693353542767463688
6695230573637635335
6700401364331154696
6700549546591898888
6706693656956374276
6706724761545755908
6706725685160955143
6707438561051839756
6708285613214354691
6708971806499392780
6711600610715733256
6711673130307423499
6714197602209926404
6714844810399747340
6718536657395649803
6719188785428565251
6719367286420983043
6719639684600941836
6720810902158970120
6722341983882333452
6722677705763998979
6723367944341998852
6723520593372957956
6723522583536405774
6723527309363662083
6723540942005046536
6723758691306327307
6723856443524566280
6724072932240379139
6724073013362412807
6725014910033579278
6726863850802597123
6729528749609454856
6731971438481394958
6731998623359339784
6732020059977370894
6732333962821209357
6732370114181598477
6733905101359959300
6737173013730462984
6741270032111701255
6746738577272540424
6746904276045417740
6746905110107933955
6746916482405403911
6747140566040988936
6747974213874814220
6753893273120623886
6753918581664140558
6753966052528508167
6753977989278567683
6753996415292149005
6755341958933155075
6755405727952653580
6755416306075356428
6755768839365053700
6757690178191576323
6758599323153403147
6759121139760483587
6759760505386044680
6761685888939478285
6765476032708381965
6765480777158266115
6765504634174917899
6766217741016763660
6766220299689053444
6766220724072910088
6766222242721434894
6766228423317703940
6766234763129867527
6766248464813722893
6766370765701991687
6766392183114222856
6766397552943287555
6766462015247518980
6766508408339221768
6766592408340729100
6767245097198161160
6767918377714404622
6768748406232943879
6768749535347903755
6769884636668611853
6770980407262399752
6771251306406464781
6771602582063320334
6772786213909843207
6774614259935563021
6775682394864241928
6775705327359839488
6777155234998340872
6777641222413602048
6779517808494578944
6781646180800646403
6781727165240118531
6782224171817635084
6784181585978707204
6784236847154384141
6789799043749989639
6790312812737613063
6790920932694281487
6791023538900978947
6791327276693769476
6791831278296599822
6798683452519533837
6798738016669076750
6798791300012313869
6798838586625019136
6798897058364329229
6799054384429845767
6799070294901263616
6799129732211346688
6799207729966681351
6799438229041958147
6800324239707606287
6800641564394769671
6800697177376083214
6801386212029517069
6802751301202595087
6802770862526319872
6802839353497242893
6802845079288499470
6803138853226990855
6803587758137806088
6803639669138492680
6805904789029817614
6805939478151122191
6806119699898699015
6806154638795050243
6806205657587485952
6806606169847680260
6806817903996914948
6806837820825619712
6806852595315969293
6806876094176759054
6806911175415155980
6807753138548837647
6809915709791931663
6810205219067038983
6810214757627481352
6810227456126094600
6810235766942305539
6810242340108668174
6810244511034379527
6810247544216620303
6810271009959087374
6810275919236812046
6810319473573219595
6810648413433023757
6812584743767493902
6813262520137026827
6813635878624234767
6815055785375108363
6815151234698251523
6815153433662770439
6815763546740116747
6816180936074349839
6816561551626013967
6817955495341542669
6818176700526972175
6818177047186181388
6818178781300165899
6818180586310536459
6818180833631866120
6818182445825903883
6818189045835762957
6818191541836795147
6818194765524389120
6818211739641941259
6818384473957092611
6818456717186157828
6818512388380282115
6819121035665755392
6819136014683032840
6819163384739646732
6819192874383576331
6819209408438914317
6819225937868000523
6819587416542825731
6820341703828884744
6820699058919820556
6821104150999272719
6822179237424925960
6823672276060278028
6823927741784624399
6824006803018353923
6824273888134941966
6824298917363043588
6824303959415557387
6824343107169996035
6824345287847349515
6824447680635309325
6824456540989230344
6824515285085687048
6824693917791833347
6824790268290632968
6824833850066095368
6825418062817152270
6826694516725124363
6826978829282692356
6826987786642509056
6827436705751076110
6827616334147243271
6827719074328349956
6827747092371393796
6827785033965686023
6828063511369813262
6828096382855941376
6829139570873863435
6829168861053537544
6829225780535414024
6829634216347716877
6829946831397506307
6829977515516251404
6830008628045532428
6830025257416428800
6830624718748519687
6830676220544306440
6830735992824155396
6830943686621203715
6830947702365261063
6831092597377780992
6831107091411782916
6831473572704259340
6831546631620463872
6832145810059169036
6832616226582236423
6833266792295697675
6833574345193819404
6833743607174843655
6833986187829562628
6834090217914354956
6834678309704535310
6835438074969853195
6835503656784186639
6835958738646551808
6836168603889405196
6836172690861100303
6836177348363144463
6836179631603846413
6836180902352080132
6836181677300059392
6836183067531463948
6836183231293836556
6836184471495068936
6836185378953694468
6836185591537863947
6836201017860836621
6836221278811114763
6836656871059819784
6836670907902070020
6836924424860601614
6837016406660271371
6837332562436738307
6837363937797803278
6837784250800966920
6837836003022064896
6838012336184298765
6838043239178652936
6838058397108079887
6838108232741866752
6838123554500889867
6838183183779958030
6838356560104803584
6838411054205144328
6838420817282469120
6838431310114016519
6838470532753706240
6838492904399310095
6838517419460332813
6838545142350089486
6838570621010562307
6838779314671029518
6838788578584169739
6839222788197321991
6839291158720433408
6839340370296442127
6839504528132312320
6839631607658220814
6839977126981127437
6840651629285461262
6841202699501980940
6841369965208145156
6842097049127718148
6842189070978813184
6842213274075843853
6842285820909489421
6842302496388517131
6842311648456281348
6842468747228335367
6842634497394035981
6843587287889087755
6843986345631829262
6844116748266917124
6844137104889433358
6844306836745702656
6844722773693074691
6844756518349360392
6844761643717594372
6844773921955400974
6844775384911711500
6844776284652915982
6844776403682987264
6844778284421631247
6844778978494958848
6844791137807420686
6844811072893996301
6845066012333788428
6845080072357989636
6845109782538472711
6845131127754214671
6845297094828281092
6845443361369820430
6845464116518325504
6845554752420318468
6845664512251645199
6845956029348367631
6845958218343091456
6845971406891568391
6846239194554060047
6846270288255044878
6846277571336752384
6846314399595040000
6846941022308683016
6846962776804510988
6846996541232663808
6847022560618482957
6847313184450252040
6848005225207418120
6848177805520293120
6848434489488624911
6848784835973057800
6848860607907695883
6848892717498371336
6848896622001212685
6848899375402421508
6848941907926584591
6848958762087156992
6848960147729960207
6848963030395522317
6849160135001115917
6849177771898440963
6849580996883451150
6851147341253135624
6851398726708186376
6851503683750857988
6851858629604150540
6851858679331884301
6851858895221181710
6851908839277595918
6852229819191676175
6852515832187112712
6852522086913658125
6852539740328168717
6852586988072160512
6852677764353379597
6852876712024280335
6852945157218766091
6852945783688285454
6852973825793985804
6852979877516283151
6852984894365207821
6853029182356753675
6853077464843832583
6853242304224922894
6853279858903092488
6853595702258420999
6853598175782014223
6853649144918084879
6853654661677796622
6853680327718636813
6853696390283922702
6853944547446148364
6853962519736798479
6853972709974494472
6853973226440117517
6853989224878787843
6854042677390904583
6854043084150344974
6854064950038514951
6854069496425073927
6854097139853757704
6854107493627399437
6854141579452484868
6855096922303155471
6855480621616221444
6855577899844635919
6855617331767381256
6856594694877596942
6857307515592396045
6857313418328689935
6857330618292768013
6857423306220457230
6857760867765800195
6857769856498994439
6857787505337535752
6858057926506990862
6858063433804401935
6858157169779477767
6858470103583935751
6858496463324990728
6858568240021409024
6858629768552713486
6858865626597903624
6859189072108260612
6859227229776268555
6859536716722638095
6859578472910671108
6859606107627818254
6859990030639828238
6860312102125456644
6860326519579970819
6860436552699350272
6861501869743770894
6861848484539141384
6862161911828499726
6862170451624447245
6862228172075765007
6862253405146975491
6862492808612154637
6862496739316763908
6862496783692500228
6862603682614185230
6862620046783548686
6862706010994248975
6863261542293441805
6863372774707072263
6863670234700680461
6864421555695406347
6864447937779453198
6864452334915816704
6864464104908803336
6864470920677936399
6864536647506185486
6864558022044241166
6864585830682414336
6864744594102357260
6864830194549591300
6864830459587710211
6865921098651897103
6865979338509126912
6866260665762401550
6866295416246242574
6866360146147265800
6866360691012472067
6866400849942351111
6866629945838275852
6866641073729588494
6866675644713929995
6866707115373825288
6867356883720736011
6867361315111980291
6867415299667315980
6867451579465764108
6868254006939094279
6868404806692719879
6869892868224322830
6871052742379523341
6871564257146785024
6871569249878478094
6871826519736585479
6872158398226418958
6872218356959677704
6872241276243250444
6872270966106459407
6872297877264207117
6872315365985176847
6872543801748016397
6873739404939136268
6873740731245219076
6874895234182941959
6875217471041735939
6875320285118156044
6875518254727580935
6875521596296137991
6876084422584585472
6876220191492148487
6876257542276730120
6877747200793857288
6877905833980726542
6878118954947087623
6879648527568375051
6879657338479922447
6879725157846387975
6882643461967777039
6882908970764242187
6883028290722876679
6883331385835244813
6883425147680804100
6883688654267567372
6883734332104510724
6883768866443414795
6883831030139194637
6884573066844835086
6884872001551404303
6885912598605237507
6886048565702053133
6886296759493020941
6886309004423810307
6886310115218132224
6886317851376913668
6886334348988124430
6886357948747058443
6886430430208298255
6886690524598635784
6887458098420731148
6887468950859435268
6888160891062193411
6888185150035758348
6888255713102105859
6888295653252828424
6888628485665901824
6888873897144454403
6889038655147543822
6889290848429722880
6889304880939306253
6889320431329840399
6889365879549676813
6890005271863627011
6890102205412543751
6890103435056647424
6890346401767623944
6890400107934600448
6890401070326041867
6890529616985869571
6891203642074926350
6891252687153663246
6891542492282359051
6891596634208210187
6893389748480625934
6893761625375902979
6893817237463977223
6894080336926346510
6894123222929902862
6894498895607450894
6894612649531723022
6894776905745042703
6896454994564828428
6896489623871032590
6896644027702152455
6896644309940997389
6896645285833968910
6896645750239808775
6896798684684553487
6896848817627450637
6897034063606058253
6898304240838561035
6898627406563757316
6900287208352189709
6900421259419487495
6901142136364862731
6901513323875978496
6902244200536984835
6902244853975928068
6902612730855869703
6903516292544744717
6904190453969620232
6904831360410602759
6904946721210617092
6905321879456861454
6905628008716029197
6905746694005099791
6905941408226528527
6906270461873622272
6906310378238561549
6907161181887220996
6907416097469910276
6907420193622985997
6907446228024380680
6907898669622660365
6907975848503135488
6908203817863499016
6908248927825382664
6908520057878498572
6908524417744194824
6908546184256834823
6908996925001862407
6909367741052931341
6909380431892794631
6909663625506508032
6910459766439447819
6910821547510926592
6910848869672832263
6911241104876752141
6911597286476811534
6913508533107543309
6914471100944551168
6914570532776103175
6914584068289989902
6915213929752956168
6915359540363939080
6915542827426467086
6915942286828342543
6916043629995887883
6916048903624330500
6916123476306742531
6916438087664962823
6916496093836594447
6916680730785402119
6916693245837806863
6916697301520043264
6916708434427530499
6916735523188952328
6916754377227111688
6917146786058554636
6917413709052660995
6917513241031642380
6917513401027677440
6917514786771160333
6917517499756023052
6917518319717338375
6917519769889541391
6917521385057160455
6917529077662453006
6917530149990698240
6917532912292252943
6917534938292079879
6919101461557202188
6919103246233570564
6919111578998639876
6919633818316066051
6919727281380363527
6919800791696002319
6920392203827268864
6920507291275971844
6920514939933166860
6920826150474222856
6921274634578988292
6921517457811344647
6921530276170550543
6921575944729693447
6921657713025961228
6921677973334543630
6921877001590689038
6921906621920627976
6921984059375766798
6922462128716729615
6922772290446937352
6923031334898158852
6924506575486930176
6924525157621026055
6924686470749965583
6924875295799430415
6924939109215653123
6924956003725364487
6925223734156545287
6925313216381734157
6925366755388886286
6925630911501307147
6925768487881297165
6925771486640819469
6926555529158364423
6927492596331728135
6928624085714914573
6930455911005834508
6932785250984660232
6932788605169487119
6932790651176242447
6932791427265072397
6932793941297270024
6933020013653691656
6933097002435726605
6933945482934832398
6934173790754573568
6934516526846430464
6934517181774302464
6934678435339980046
6935052777273969934
6935427469554093348
6935640384068439332
6935673902374997278
6935740364347149583
6936451574046690598
6937114875189595423
6937568290604682499
6939705680093826340
6939771750569823502
6940414747292486949
6940819252114935079
6940947333114875174
6941945811177606441
6942046714337578253
6942050121597078788
6942111753811627264
6942444605975661858
6942767871684578591
6942865258377694497
6942867105645694216
6943058156968742174
6943114614414609667
6943212523181116713
6943403246866238724
6944180901626563847
6944183348491308318
6944194124060888356
6944252027438468365
6944537695473519883
6945220453338320142
6945371204471573763
6946368506640223519
6946559118064848162
6946922230706097408
6947165100222565663
6947274925078039811
6947275565011438878
6947308827322731779
6947318617755127078
6947639066594790695
6948423138476625182
6948604620235148585
6948678821382081799
6948746414448987404
6948988362430680351
6949057632543968526
6950543663424359693
6950557313144982792
6951669781250542879
6951671537141435679
6951679957756087565
6951694957057002760
6951954708068076813
6951984255584996647
6951984332437245215
6951986198319516939
6951990295361817860
6951992689579576613
6952011958073838856
6952024742920604958
6952063448582737165
6952844502319025416
6953180044663606564
6953603582159506728
6955298325201489166
6955383616880856356
6956010318124404002
6956048707829746974
6956513104595307776
6956861520747760933
6956873877754481957
6956876863784389895
6957332862806871333
6958356118821244190
6958423572402457871
6958444948777749767
6958632363018554656
6958700705565658405
6959100069924654372
6959108100074900769
6959153860627811597
6959445688598023432
6959557935596850435
6959868141245582622
6959882766800407843
6960500262389697806
6960564672554667267
6960565268309445895
6960566438436326693
6960880794919341352
6960982614324874496
6961414337353354531
6961619376055291168
6961679665048096031
6962035654960106766
6962513395006393637
6962719307059006757
6962773069005950244
6963096918754938127
6963127737955470633
6963840071669763342
6963995027122949383
6964307997883403527
6964344406887517471
6964369257022999849
6965376782115572999
6965408559379074340
6965453905228483874
6965764136655539493
6965901953180208423
6965930944154897672
6965939071847779615
6965939647004298499
6965944220968357134
6965944255768513829
6965945917509733635
6965948064905399555
6965949219823734052
6965949499055344927
6965954615594503427
6965969917724101925
6966646454219787560
6966807670456077582
6967239675295616293
6967505700071263524
6967908914419485988
6967963198112713997
6968670645626342686
6968671834694782219
6968679947346939167
6968682298413780236
6968702523637108004
6968705181332557088
6968712359783288103
6968739328969264423
6968999140315450638
6969435715524414756
6969441526204108062
6969600590737378599
6969811065626496293
6971075536311307552
6972355496539868450
6972363800263675151
6972388423386582312
6972402411998678308
6972420491227188487
6972433581129927976
6972447113024146703
6972494564657548583
6972518820296658210
6972788461677972750
6972797607403932966
6972822369048071457
6973093033269087495
6973100059894254859
6973111647816731935
6973131309623332131
6973131558630821128
6973131802902891810
6973132866595130663
6973132914473061644
6973133690469633314
6973134961222143266
6973163491779726607
6973517103378861315
6973583949612256526
6973621961121484068
6974190748006681894
6975525474722270494
6976057009275784460
6976452250612944139
6976553646884490527
6977581008392555784
6991491832731471143
6991492579351203103
6991499503631076612
6991500180289785126
6991510973530033441
6991520662259125518
6996165317244341541
6998389046774959397
6998406307627699467
6999597490399907109
6999606918415273227
6999617935186627847
6999618607625866533
7000990476274830629
7000998985607531780
7005117123030797600
7008814496965741828
7008814789472374054
7008815008708611360
7008828598815591713
7015096155822394631
7015141085047491852
7015162143196613920
7015175549756673293
7015179078063918339
7018140769592675620
7018142188026547467
7018157503468834084
7018167400063372581
7020635036290501921
7020638542674087206
7024506816197365003
7027839508112477473
7027840457686224167
7027841726249209124
7027842098246339843
7027850535449464076
7027857818065669415
7027859856119958820
7027860249763646750
7027862919559925030
7027863154243669281
7027865298359307553
7027865369087872264
7027865610503605508
7027867462083398945
7027874561815252232
7027875719078366476
7027877118893640968
7027879223423503629
7027884760277994760
7027885300571573518
7027888720120384775
7027891515733200132
7027891782197251361
7027894775168634148
7027898091239968031
7027902340577479975
7027902690940177675
7027920751856553219
7027922688245075207
6905545787522993422
6944178066797235469
6903095981676465411
6991477279176101131
6903365245734079748
6902998763892182272
6903330126805699844
6903101676173970696
6883733064015498500
6883056976650046727
6883041428973440267
6883007372814503172
6882992354949598479
6883035443248516355
6883007885299698947
6884121331181292814
6883002774582234383
6883400207422197006
6965906243571485955
7027855528684571907
6849127595091512576
6848894223253523724
6848893667097316623
6813177989962943757
6813679993961450752
6813914791262883072
6813920395746446595
6815562609367043340
6813902497317489923
6813975983490649358
6816267866157894923
6813934868204948739
6813861282865859852
6813944479129619716
6771223353316461832
6771355541286472964
6771300068696788232
6771727162417483016
6709066288955690247
7020642445767511334
3xk784kt7xu5sq2
3x35hdtxh89a7de
3xk53itcrqz432s
3xjczz4dpkdkgcw
3xjdr3jbmdrhm3m
3xmjtdz9jeuagjc
3xfhvpnpwgnnrz2
3xxx8y4wqk53usy
3x626bdepsj6t4c
3xd7xree5gk9su6
3xmvxnbrbyzajfs
3xzwiveqb4683gg
3xskwn3dqvchci6
6675680797694954763
7020643786086763784
6813913047963356419
6821687069878865155
6814026625785580800
6813972150479899908
6813923779555659023
6814044469256621325
6813887204625042688
6813937528492559628
6816625975036480771
6805702587258653967
6754309026638466311
6834678060604820744
6802000980696255751
6890486208653315341
6753603543804005636
6890670354180607243
6849689713515810063
6951934204426898703
6884545191089360136
6890449612604230926
6808837621192723727
6899336054558575872
6909752479127194880
6921909551386103047
6766547180921670924
6894912494519799048
6894438260290964751
6906029310809771277
6894808801057312003
6924202569501920525
6923403368471792907
6923916971721510151
6942864805426416928
6924132750555417864
6923935118297959684
6924190461619932419
6923901827289320715
6991475682643692813
6924182159754267904
6923881986759216388
6924240755338775822
6924113151701159183
6924276047198407951
6924263691001154830
6923906958311427332
6924193678906936591
6923859622524701967
6828955068306427150
6822146399438638348
6977540170237136165
6847625785881218317
6975102472469712162
6843677566914530572
6849674179688615182
7027893113121164583
6853967695642135815
6828816553870413060
6762485768855309575
6853285242413911311
6855571163804863744
6814260029789588747
6813280545036946692
6815218376181288200
6813252139440164111
6966855785523547422
6834140945643080974
6835558642318658829
6834394371866103055
6851844393809218829
7000992974133939470
6837286484110855432
6658097607740558606
6771052622569901319
6761998960384085251
6842842965895941384
6842055637803797768
6929471560252247296
6977627352994041125
6810651602786061580
6811011407258094862
6810767943350242575
6810666368145296654
6788381071135329551
6787684132538387712
7027911935391780110
6660797234772266243
6827524144276589835
6789632187638500622
6789409807355989251
6789386035236195599
6790621001488026895
6789574381082316045
6992376094531898635
6805807308191419656
6805829872481504520
6819227918212943104
6819107059414437128
6819103520705285388
6890208945252732160
6890138864099282176
6890353470595976459
6890129922103201024
6890417090755333380
6891946860613881100
6890422869491354888
6837646196916391179
6798515331057913103
6798063003444055311
6805277630758210823
6806923980981685504
6806993569967131915
6814346432099667200
6814401972507053312
6821776837266427144
6861586134191934733
6779036391969017096
6777539314789207303
6808009573362863374
6807645684875939087
6807768532655377678
6808128149465894157
6807668777627454720
6807968631360687375
6808106877696740619
6807787721994669316
6641159939815378190
6790650616814390535
6790168988090371336
6765587869026290956
6765508874511338755
6851828761348852999
6852482482604969223
6991498016397987084
6922722737173695758
6923593337656134923
6923462909842525448
6922657004334943495
6923346063944404238
6923095665010543872
6922962079888559371
6922418369014582535
6846231993508695304
7027834593717865758
6946970502422351108
6947229316409216291
7027828971857300775
6947215803498417444
6947154821598203148
6925358371902131471
6878115211723689230
6884856957434367246
6876248127704255759
6611022763593305357
6601738553175051533
6601795495725632776
6827409976156310791
6796890396719959304
6792888144355167500
6793099198360341764
6792926161165978893
6876061152921603335
6735318039601958152
6792932367502691597
6792897575553879309
6793092358536744205
6793126744271359246
6814381687825353996
6814639933291056396
6814663526683036943
6821677729226788108
6814409751523233035
6789926310853496076
6789948811964861696
6790325643788750080
6790158463046601992
6790179644109884685
6790306029520358671
6790239252056771840
6893390182687509763
6789862722919058692
7018083054820363552
6800188418136493320
6806074889011825928
6799925026771586312
6797944476640775438
6807213181593718028
6797172611190181120
6837999103167761672
6639551308707663117
6862317109200833806
6849159823892827407
6849577913830952199
6849845731646360832
6948409641793588494
6948391114630073611
6948406300065680675
6948724091415235840
6948628418066009357
6797330904890035471
6797029032643824909
6797199355628637448
6797670636266212615
6797231836675312900
6797409346381827339
6797584517885431053
6797182551938141448
6797286686633004302
6810249864878820623
6790975552841878791
6792115740880276743
6792021786289622276
6790686139385728270
6791326709506411791
6793568165843520768
6791751270374903043
6793581515826646287
6792179522650361091
6737510247499451656
6737593217153305869
6805483052119133453
6807571192761896200
6876028324783607048
6876042827638328590
6881878776549051656
7027898967174204705
6943192848179170595
6827520616497679620
6977682557928213773
6896335616577998087
6898294999373466893
6955662338825391397
6729711347824659719
6730205068865424647
6919042388237241608
6883301375967546632
6883404288052202759
6883362164850101519
6883432516573859086
6883465133973048584
6898624348354071811
6883462157791399183
6883471174009982219
6904550353425943815
6805499391944805639
6804982145879166212
6804778409202421007
6804804465997139211
6805038781247409421
6805340083609144579
6804979457431014670
6804993725136162062
6804855347765873920
6805470549469351183
6723872348761492739
6953511272054885669
6738706568629472523
6920509111247441155
7020647242407120167
6940833081607703822
6845078965565017344
7024489170672405791
6844818233850072331
6845187354110528776
6741328466110631181
6896644192974556424
7027849254236441867
6861787617369853187
6861760820834061579
6861857889590480128
6861855172008643847
6861850949149854983
6950201634651655437
6969895125304626443
6916339179710418189
6915999637065207055
6915956003733310728
6915955190193540352
6916015148125703427
6916020252455259407
6916029513977613576
6813923092897811716
6813905741620006147
6815493038140427535
6813986413353225476
6798717204176129294
6798879929468603652
6857772860224720139
6798691277278825735
6798956295262096648
6821320387473755392
6869689237860584707
6821060814020021516
6822119583529405710
6819497693526641931
6820230527493180684
6821045174345518351
6821054074159435012
6821043905308445956
6821417552393145604
6819870141019360512
6818838190401604879
6756861769332903175
6790631692857052424
6945841715328716046
6746377541260512526
6746403850749594894
6746458637138447623
6991501055104126222
6746471793915170055
6746398138585615623
6746353718834269454
6743389763094498573
6743386932136414471
6743882384711634184
6937986118432345357
6937970125895240973
6848427043013528845
6848497961396079886
6848432357809065230
6848441350808014095
6848434790299864333
6822683682126433548
6817432757610859788
6815091663300513027
6814432741958946063
6814314607973354756
6815161754595642627
6650309954823654663
6778845316692135175
6964976187663846687
7027849348595731720
6887043299828354307
7027921075925191947
6787699220339051783
6860809853275737344
6737484511816305923
6869960490093677831
6867761508810509581
7027859325582396702
6912079237662969102
6951994071409872164
6945723692513004836
6798700787246583040
6796262359921970443
6792168758032026895
6921914834804116749
6795912865799851264
6805453035163225357
6796083454997024000
6805489808991931663
6799132483947384068
6891091253379730691
6890827715792882952
6891204444520811784
6965894116504784164
6890360409749064968
6890364946606001419
6890695267037842699
6890730941820521731
6890886810281594116
6654921390925319436
6834677839309180168
6797265622339177728
6797327565603310848
6798503970345143552
6797362129050537223
6797605608674577678
6896014346149825799
6896300872611990795
6896344156965309708
6896070752374623488
6896297354702408974
6896331262399712526
6844390680626793742
6898626971652148494
6844324970470919437
6844712724732120327
6845102366283369735
6844528060167900430
6844331095178202368
6844043426170686733
6843955504599928071
6838491064731487495
6838396696783834381
6741223148525604108
6739713098640379148
6805075102808476939
6737869139471240456
6737856627552161037
6713699438918962440
7018107870549970183
6888482101704903951
6889070478149913871
6970992334364347684
6849644048446278919
6849965766872173827
6965912113130884365
6849878626674986240
6850019992428104974
6849888470937193728
6845139126321302798
6854088274965728525
6888548536619650311
6846555826107337997
6854700483416689934
6872898807584066830
6911959277749947662
6953524165429267719
6938199208537214238
6875231883303685391
6922496315255459084
6953945680612298021
6943190799110753575
6922589550330088707
6957423894294744328
6806127747971206404
6806135804818214151
6806250764718132480
6965897312216370440
6871604200355187979
6871979527199821063
6871891686469930253
6871968599158967563
6874867342950649095
6834677872515435784
6660788747598040333
6922761154846592271
6845570754923203847
6799618679307898125
6799630403775859979
6799610819052195083
6799723170103348495
6799805646259653892
6799651993712413952
6799618970572836096
6800160905402338560
6800604345059511563
6799632397999574285
6799624923137477896
6809911531942202637
6807943897050860814
6879701440365989135
6807564623181532416
6815059537582755072
6932452023145155855
7015101878870478092
6932873121598885133
6932393385017855244
6932403739726712072
6815586672919530752
6815550496695356685
6815759453888007427
6815576666199297288
6816484174967491851
6815759487308172552
6815767290815122703
6815679346007674127
7027891245288574212
6949363527492668680
6949040102739823902
6948912063838227747
6949045076567870734
6948959854564297984
6949014726668078373
6948864565207747847
6949084147939855620
6901473856729386247
6809413617453206791
6809244629423099136
6809235327530568968
6809243862264057103
6806252071180913935
6861946693567401230
6839860769656524045
6775734701115165952
6952110582992538893
6952027582313270568
6871090374924897539
6803611700953189644
6849178857996684552
6849158025442266368
7027830682206473508
6922305501875260672
6888571174138268942
6888550517874773255
6889204096402803982
6888572108532714759
6889698714387008775
6889451691280813312
6737544416589876494
6738672123256114444
6864425749122780431
6864490065901423884
6864500261952556292
6938907422522182953
6937205315297398053
6935414800474246431
6940113892127395111
6924693693043674383
6924868145664757006
6925331872335580429
6926321497606851855
6950550689575669029
6829194493057600779
6890878727895502093
6644047531472850189
6949428522716843298
6920765266288725262
6872144626912988429
6806996372924009743
6849609968337865997
6851188079722564877
6849631989251788039
6849638472949566733
6922268931537358093
6870387870738156800
6870322803141283075
6870326454131969293
6870404305866853639
6870327383287762187
6960565409749765379
6870367454841834755
6870374324877020430
6870377974160444679
6870788655904984328
6851821668394962183
6851772433146318094
6851920487879019779
6851885248175754508
6851821768022248719
6851864407731981568
6851828536232267008
6851808452554099975
6852975594913746189
6881548700108295427
6881437296684518669
6808883778434436352
6911530033203006733
6831461586289396995
6909239651291237636
6940807933064236318
6721971212425202955
6839905080167222528
6839616162435747087
6991485354473786661
6839624117684161799
6839659012552789263
6839615011430681871
6839627815642615040
6863290362660719875
6685578903391620363
6848399544770776335
6770597144203250958
6938346281408466212
6841129702061509888
6955358950510349605
6961686581413514503
6852309889415646477
6852267252566281483
6852578029697387784
6852700651831512335
6852567165581741319
6852300806042012941
6852319073007586560
6882342391844490504
6790890575043235080
6787568547569650957
6794372223563058444
6787249642703719691
6792441400697867534
6790897675416964366
6786593293561105677
6788032365542296840
6788696561980378381
6813618614193671424
6852235416280501518
7027864292108160293
6851429465201937679
6852212985557978376
6965911626281127204
6851479660241358088
6851515766269889796
6851368542718283023
6851394454142602499
6852536109688294669
6851472103028329742
6877743588093054212
6877802933837188365
6799647050314075392
6799610199901588743
6799784527892925704
6799625871759133967
6799850000609283335
6799691151185071363
6799819319317400845
6799629050215222542
6861525249188515076
6933177280546000132
6933201747838110983
6933178054864997646
6933180011415391499
6933465249299336461
6933471077561601287
6933395999511645453
6933200635462470912
6934164747998874893
6873805237992393987
6873800821826522383
6874103148731059469
6873855139153825039
6873797503909711107
6873800780508417280
6795165747568987406
6799192419960179975
6911198150149655816
6790186788683042062
6793173281542343939
6797589588337528078
6845525542633049352
6922045706962324736
6696480086914256142
6695140584388185348
6818719238392433924
6819470101025131783
6696800873215003907
6873751654743821576
6872915896998825229
7020638488198532356
6873756007982583051
6873021279260249344
6601743307074702599
6601479301512563982
6766558246011407620
6961724093309668641
6959394593934822686
6959483308090658078
6797938572524670220
6797964261302816008
6797999399957007631
6797377024152423680
6795798663940541703
6861811404760960256
6862218894397017344
6916338968522951936
6916123088270773519
6916021122903362823
6916822355301895436
6916316720730803464
6916008038235196676
6916344845338414349
6915973753751047427
6917953707699145988
6916406430404775183
6916041256879623428
6915940919376203023
6712014841738956035
6792402142960323854
6756123326000778507
6704243435131522307
6806202016768019725
6806187842931297544
6730797013505445133
6714092438002208004
6715018056688536844
6703467766516698371
6703372956191493383
6712361417686666503
6961332961169952011
6961240655192427810
6961571213114215718
6961034313479605540
6792075572253052160
6792110699599482126
6792147220427803911
6792044637562440975
6792070099298831628
6792105846483602701
6792077540589702400
6792170863467744512
6603272419895414024
6601472765788687629
6865503736853237005
6974929500131953956
6937103576527375657
6810996687356611855
6810947122804935943
6839336420918824200
6838936556644879624
6801656706309868800
6838835953226763527
6838840500183715080
6838850287176830215
6790970387669863680
6838842973459844366
6921906373647240456
7027860017554525452
6966894118236720414
6789791388394409219
6789829510738021632
6789531100755545351
6789847051132783872
6789916586959555848
6789924810576186631
6789930053380623624
6951982118553668900
6787193354540174605
6965926598709218564
6787294190049971464
6787227223309946127
6787290216873872654
6787009027634121984
6787343711899553028
6772102020393356558
6738599202420509964
6965918690831355167
6738590331861830915
6881252546996948231
6818044692429556995
6965951577681169702
6931586349568888078
6843275177204256013
6843252591242071303
6787553211759873283
6787632205754633487
6787549212172111112
6787602239155490051
6787555980201708815
6965913986537639179
6787742879495228672
6787685019956563212
6787655112333561103
6787680294230117646
6787543516991081732
6787387569265970440
6927271093564656899
6926787983504936205
6926776011698736391
6926794377121516814
6928321333755432207
6926724468861652224
6926695531972480260
6926789867410083075
6926426825312783616
6753509142385822987
6758338671381974280
6752680685108071684
6753124687347305735
6863359952942058765
6753110694356471052
6753922528953011469
6752720428285889803
6797768585096858880
6824382577302850829
6862216481753533710
6862207569679699207
6862195533260410112
6916063467577330948
6916118198064614667
6862983978555641096
6864082334421945604
6837064784911846656
6975369232758394148
6967274962138729758
6959184453356801316
6849695034388892940
6752825528232824067
6936058260545916167
6920531891758140684
6925297643824467212
6559701594739313923
6933420613256105219
6877494103374892288
6991495026689772831
6865237619538676992
6865221230316784900
6865501394292526350
6865251877697752328
6865226364723662093
6865245516364598543
6710876082544971016
6841741058607467784
6711197973943995662
6711259008893766924
6931503676863286531
6931531858614308109
6931928657443278091
6931576389237820684
6931542913079921923
6965881145242275110
6931543679232380167
6931624845666946307
6931981226064481540
6931619431248334094
6956156697769479455
6961708155327778085
6707587902336978189
7027867727146618151
6723853150027025672
6723788368792014091
7018114996051741966
6724097760619957516
6724117106746559756
6724118889342455048
7000988717179473164
6723735765462830343
6883817894984092940
6953858743457156360
6862936331648044303
6862939793072852227
6863485221703060751
6862897682717953295
6849526244967533839
6849259405859425551
6849224773843701004
6849290675947638031
6866662937436769550
6723073099874503940
6723063742726245636
6723845660061273356
6602072754596351240
7027918320322006283
6787662250317581581
6766399412500581636
7013979030231764257
6893160337151937795
6790021335000157440
6843323742291070208
6812873029656333583
6670406765903023372
6670084100352658701
6838841950683155725
6851029739646373135
6936447217305701645
6842471217845275912
6975070371192048904
6970312853245021448
6833681241443732747
6923192287300177167
6969012155500875015
6684708736600263950
6965960306291920158
6920808542286908676
6920567446009105676
6920867079629360395
6920923163559791880
6920767246818151695
6920577560178937101
6920627427848817923
6920756696339975435
6921198227605802252
6920771371236609287
6841465100637883662
6841737153366543629
6842210280110296334
6841448512274566400
6842280784913550592
6841480420991732992
6841447480438131982
6957531501026151693
6951735061276396833
6807733941253049611
6749358587463650568
6749419787849436429
6749412337406561547
7018091209382006029
6749374182297013517
6749357657875860747
6749751267607727373
6782715640990928131
6807801964076846344
6807797821257944324
6807805174174813443
6863746837585743111
6807788935792610574
6807797641095810311
6807793752380427534
6826597464448044301
6800496422627167496
6800490872300375296
6861932604002815247
6859615228825488648
6861768212250414348
6833310225550888207
6906044096951962880
6833682141268725003
6832865186613955854
7020645364705266952
6832543786296511755
6832803460727966976
6833522718025977092
6832795749546298628
6832797631530421512
6833250358454652167
6752292050793729293
6838725076267961608
6838165218330152199
6838726978653179144
6701187302170823949
6693141851832159491
6908608281665654020
6718194044620573966
6691617960399817992
6717967309350243598
6768224569951014156
6891164044552654094
6964231333082057996
6650031791770062084
6656639426464206088
6816633821031648526
7023259885768887563
6826698976511757580
6850609978693274895
6894057371111296269
6862892636479573256
6850044532189351181
6850277640499186959
6917992142367395083
6723112787112971523
6882281700290759936
6883671782910463240
6882982930499554573
6883094325689863424
6882971449695472909
6944229377320160548
6766472450160053507
6766223276566957319
6791773291511188749
6919085706275032335
6919279875232681229
6919108069280484616
6921283686415486221
6919135551345970435
6844072655059062030
6849313247384915215
6916872376953179396
6914540564822166799
6831818591982144783
6908553412116303111
6691403747714764046
6751580201026620686
6891969449671265543
6860685482511060228
6860729619155324171
6860679897543773453
6965898464630738215
6860757306435489031
6860669771843751180
6860695821155896576
6860670563086519566
6849230937071291660
6849294162769071368
6854058194789010700
6868923781004496136
6870066869148093699
6868843771530841347
6867441948416855311
6870812791691939079
6898118038671871247
6898198499792407821
6898334205684632832
6716819704834428167
6843713648347680012
6998357222615043360
6844056515222031623
6593657216513871112
6796982473969503503
6796933052695186696
6833975172467313933
6796688776744750336
6797002300104674560
6796917456901246211
6797017288722648335
6729372447902043405
6727177281124551947
6856977912541859080
6791818457714380040
6791871959547383051
6803581739374595335
6791785443517140232
6792033909237435652
6791839171230174475
6791821286776507648
6533158683369540878
6533110785034423565
6799230700500356356
6796199374910262542
6799128458241920256
6799094002021829891
6799055618486357252
6799146716269448463
6799075872314756360
6799209008679947524
6799133159804931332
6965930318322748710
7020641226827287822
6813621650496490766
6813330207395630347
6813545633639681283
6805830554991250688
6805804945003105536
6805796789485145357
6807999964963163404
6808071882743483648
6872256828034534664
6872234972288142599
6872401891968453899
7015120983669394702
6872190351185087744
6869536675161263371
6867842242145504524
6868085481968651520
6867782011872955660
6732011912634125575
6831818405503454471
6686677511218220299
6748049832067255559
6947293595493731622
6881530799594753288
6881411791398735107
6577878573309234440
6860371441007791368
6894407646229695748
6943976360834534664
6926828154090687752
6852618779000671488
6813906455280897283
6852585647857749263
6854012967072075021
6854004597619494157
6854116310993964301
6853983235765046539
6843390911024565519
6843289161361804544
6843057578625273099
6921902933449772292
6629232297071611139
6846349799248235784
6620647874076085511
6844693085868264718
6844820372278283531
7027913877627079968
6968673100107926816
6943068255921753384
6717908479664786696
6841079945654062344
6841052715305520392
6841427191083945227
6841867097522392327
6841727790639893768
6841119584163073284
6991481644456676621
6841028074826468623
7020644854111767815
6831902410387066124
6831468204724948224
6991485572476980483
6902717793599261967
6901166862713801996
6901270721499106568
6901090507481451789
6901178173300493568
6901504979287231755
6901254564037594371
7013931633732488460
6910833474693762304
6638866344433421582
6628915429882465549
6890084856156507396
6921190861879397640
6951693546537717022
6878254834705779976
6917900060353236238
6971716110651493662
6773569899366288654
6808479201587383560
6961238020578102542
6959858468081749280
6959859820551851268
6959869106610916622
6959872435948735757
6944974457974934798
6851398612367183112
7018110043551730974
6835175832655351043
6916597493333527819
6916375091370642695
6932372049864232196
6916518350227098894
6896766740038962444
6896757248098307328
6896752604198604046
6746744077246647560
6863378128375516420
6863761687258959115
6807576349264399629
6807230416798354691
6807214103493496064
6807219837950037259
6780315764210535694
6998395315200052492
6909330899217747203
6684247203738930443
6891026845853027599
6890422257261268232
6890427735512976654
6876765823755668744
6877326059440786695
6814832612020915464
6815399447917251852
6815005209408867598
6814793030650875151
6991487803968277797
6814798640226258184
6815013686306983183
6814828317355642119
6814662807104130312
6815075604061326604
6814780576629787904
7027875776598936845
6991483840892095751
6812066199619308813
6960828951912566053
6954309525348420879
6954191380344261896
6954245815779036423
6954190991029030158
6954264510387490081
6954198654693477643
6961030643572690183
6956587789840289037
6789803250951474445
6790706866512022792
6756500081135930637
6728639810262617357
6882642585848909060
6865628083257494799
6747622732969643275
6836645255509527816
6747986346847128839
6747963814236409102
6856364710351179022
7018122433488096524
6868192450385546504
6873385637454630158
6917937816848633102
6888241047726607630
6887904016806841600
6887912884517571843
6901477164416371975
6999573895548308774
6679460647836601608
6965893452080909582
6896844772661677316
6896809184545787151
7027848974430227744
7027837603885911303
6897084425113242893
6897119580481801476
6897412643976498440
6808030057936719117
6808025819265518851
6808038875227770125
6808045764657384704
6808063383045197070
6894424143358430472
6894624393306098952
6862165913668439309
6789888904431471884
6991495137964608782
6777562645106150656
6777670369743506701
6777523912323403016
6777376906376416520
6777377636827041038
6753186330311740684
6754534988223450371
6755760910272335116
6965956531066014988
6965922698803383555
6805240788998524168
6872302397465660675
6797622943372365067
6798519495628442880
6857772901957946637
6797281756828503304
6891166905764302084
6931891737308777741
6909004283170147591
6867718792600980749
6763150823938690318
6816651986570661134
6816658765379652875
6819119145527872768
7027884729215094020
6787389570875936000
6935338635327704335
6935367039263477023
6935635261191654691
6935639703148432675
6935979374269254949
6935628072678952230
6935617923834776845
6935347643501612302
6935680362815311134
6976103540099910949
6941179995440073998
3xyrmsa99e4kqhi
3xr9z4a2euei2kk
3x3chuj8nhc47uw
3xed6sthrk9xjj6
3xrk9wt6mvupyzi
3x6mik8fhwdfy22
3xwz5b2yrwzk4aq
3xb5zsmtm53c49m
3xwn3cfueznqjag
3x2btceauwuicmq
3xwej5gfvj7dk42
3xfdm8r68fbhkmc
3x8q576we5iycna
3xk9hfna852igqi
3xxpaf5hjpsb4hs
3xec2tg4va63kvg
3xchybk5ctsdg32
3x9k2629d3hhprm
3xh4gfkidbxuink
3xuc88zq4cyk5zs
3xkarx952igja9s
3xcrsj8vuutz9ms
3xpa7zcrqb7y9ae
3xuskj5xfkmgias
3xxhewhe8g8w9v4
3xu977khz35sipa
3x5hcenysbs57ck
3x9dv2t6kwf45we
3xmbkaqc8zavfwq
3xe9qisa3jqmju9
3x6empvmuai65ci
3xdypr2mia2fs69
3xe83eqthe63p59
3xpmq86nvkmim74
3x9bj2pk8uqafds
3xwr2vb8kr66yxq
3xqfpu5fe22ncdu
3xxz8k2xv5a4vus
3xpuhre9xyv6qtm
3x3jxftb49znrhi
3xn9dj9fvbrfsz2
3xic7kwhfqj4qzg
3xdf4wn23aki6ci
3xdpy97qz539uhk
3xpadqjbmbh7t6s
3x5zdivqbv3ig3m
3xtvsdipskycdkq
3xxqtqisfdhnyq6
3xwais9i694b6ru
3x2qfjm5xf234he
3x4e5f9ym6b3fbk
3xc889p8v3gq5ni
3x69pe5mhab2xsw
3xzeu8j8b25cjqk
3xnaset8jwnyeby
3x6j7pgexvx9yqy
3x9gxn3g9ubui4k
3xrzrtn3kdc2ggg
3xescaef8dqyqye
3xxiuxa7kzhhmam
3xg5v47re8efc4m
3xz3hmxxzdsmvvq
3xttjaazuua5qdu
3xei7kz89xdf5ja
3xix3xusnh9k536
3x7nt3rmar4fgkk
3xh7penfq6teck2
3x6vwx6hgtcckfe
3x87t8ywvvkg98a
3x85bbfn3a7xzza
3x66csnnhkzspp4
3xi7j5x3yfnd95y
3xa2xdx6xjkqbn6
3xmfngcjhkf8v2u
3xfxbvx96t8exwi
3x8cni5a4bdv692
3xmubejmewb3aqy
3xb4f8ixc7mcfs4
3xi54gmx9fsucii
3xhnq4zkfef7ei4
3x6qiykm79uuibw
3xnt2qj955tp79w
3xiqf9ynj4rteci
3x9yakjnpve9pg4
3x8xiugejvmptf2
3xup3xc7d32xtsw
3xwebu3zygidrk6
3x6gdhd96a2snze
3xdmk8qckjkm4k4
3x6mys8ucuhcy9w
3xiibw3b8djvzee
3x8cdude385tekc
3x6tybqfhhcg4g4
3xkg7wzztx2zgew
3ximtbz88hvkcjy
3x9kr4wp45qw53y
3xa8ufmmy6tt46g
3xkuqgu5f44jke9
3x4uszp4feumkzq
3xzii8htr2xwmqk
3x2436bjspkxb99
3x89nyhjrvzwu4w
3xtzy3by3ktdzky
3xn6itkb8szn66a
3xi77n5k9ik2sm6
3xayp4zdg46bvjg
3xszmvkij5m7jm2
3x622i8qqv825ym
3xx8pezfpp78dyq
3xwvuy6vamau8x6
3xivnmiqbuamnus
3x5k4ukqiff2shm
3x97r2jhzyvk3c4
3xj9fhazb88ia7g
3x45cr87xn8vvec
3xzxwfc65txdf4m
3xi7c26x8b2n8xm
3x2btk3372e8fiq
3x7uvc8sb6xsdjk
3xf4u9sitpxktha
3xn6gmb5bjasree
3x3y4f829ya9d29
3xedwtbe3rn3unk
3x9wcf3mzgc7kuw
3xg75yhzg7bnzni
3xrm7b56m78ymde
3x5qke7rpucqpq6
3x45yhhr2hgr8y6
3xf3wg2qak5kvfy
3x9f3hnsdu3n9j2
3xk3m9n8dqnnk2k
3xhq44e6tbqy2w9
3x4zj7hyemptkvm
3xvbezw3vh7xxuy
3xmg6t4bhuc378e
3xz86kniwnn6y4a
3xg4mjmusrkj3m6
3xizwd4e7x7f73q
3xrrjc6tqt4t5a6
3xdfyyaakq5s7fg
3xhexdg3cfkzahy
3xzr8tc3yjan4ns
3xv6kabdrej5z9g
3xcmty3vtsatcki
3x35hgy2xetggua
3x8p9urjt96ac6g
3x5aidy7n7r83cw
3xfic7vvpyd7fxs
3xnnt4cw8qcu5fq
3xrhpucvbx3mbhe
3xbchctc5i6a8jc
3xrs7pys2vnizzg
3xaehza769v2igy
3xmkg8gh4drysa2
3xfdiy36tdkhtgy
3xeds7pwzvhvhqg
3xsjj9m95rtg632
3xhwbmh8jb374ni
3xpsykb4fi2hfa2
3xfg6tucm6cxxv2
3xbmpqvt5ae97ci
3xnswjde2jp96x9
3xtv8krm6zpvh8y
3xkws3vq5f55hxq
3x7m98cncgw25b4
3x5ednv2v7uggb6
3xsrwisvpm4brig
3x87jbq2nhw3qze
3xwey2mvigwxs3m
3x3rbargqjidhyq
3xh9u9wh4hu9wnc
3x5jcn6stnye28u
3xshbr8t8f2x6bs
3xxtzkpexabzngw
3x3kfma3ff6v5mw
3xutqv3t3wgs5h4
3xrdt2ia84kfdsk
3x3m25vpe7hnvhc
3xenrbhf9hryq4q
3x87uxtcwbgsx8k
3xyzbxjqjnb3tk2
3xv5yabnciy5agu
3xd88zg29sgpxde
3xk54x9mqy56dcq
